0.178150824448953
0.151968669129792
0.172515264852483
0.166556647768565
0.162341039202869
0.14410588522081
0.180251220066676
0.167952993145373
0.167315526833279
0.178448338839347
0.179760717388142
0.154777472534389
0.164966661165877
0.173128302971929
0.134487562055764
0.152375034434773
0.147283915851886
0.166880268070835
0.164629840612311
0.149711343790132
0.128416015000882
0.171510268993424
0.162895393803344
0.149564397762552
0.159678875381108
0.15448640514074
0.166403028302596
0.162965241597354
0.160204667653461
0.161573597555905
0.158930672230015
0.155752220141153
0.159843001075433
0.161368140299361
0.165410595791359
0.16232976222508
0.146314628243899
0.169553762610606
0.174194677989197
0.169133708847721
0.171957067275607
0.163484944801271
0.176659292856514
0.179419767434193
0.168822324927308
0.173033804061846
0.168147830549981
0.175126383477775
0.162425103670211
0.176381974522862
0.151932221176372
0.173007201561525
0.174861681975312
0.168027629332035
0.172161026786973
0.141147475963816
0.184386677887048
0.164784908634221
0.160082269600875
0.168171034793093
0.174870201431337
0.161191984922026
0.159002954793668
0.168406607971716
0.164063112774358
0.135727055234456
0.168226721202444
0.13932423483141
0.174385207233749
0.167493758061854
0.171140118424701
0.170228392745787
0.163635564364162
0.168559008322834
0.149628257828231
0.151185927231148
0.171969247251927
0.15894492379826
0.174345531246694
0.178583124716238
0.172669359346335
0.170207839960925
0.168205296727327
0.175492877002448
0.156084014619324
0.162433846168438
0.151429984571291
0.155409467176209
0.169535049186088
0.179022971175683
0.170406729822925
0.165935869406576
0.171176078779291
0.1729283166416
0.154129197628823
0.166711920429509
0.162289393872379
0.160507246022514
0.163866361488305
0.177004854051202
